3 0.269560 0.096487 0.139923 0.106277

3 0.809774 0.093636 0.084593 0.065595

1 0.762511 0.650959 0.073888 0.429621

1 0.337014 0.839933 0.239552 0.449397

1 0.853270 0.671964 0.055525 0.490377

1 0.192421 0.843736 0.172612 0.382220

0 0.885647 0.183031 0.041002 0.065071

0 0.119733 0.557774 0.133858 0.728187

0 0.734171 0.270978 0.052741 0.233054

0 0.431016 0.545456 0.149828 0.715844

2 0.811636 0.177589 0.109869 0.075640

2 0.811877 0.177996 0.110218 0.075016

2 0.274499 0.380285 0.182116 0.393115