3 0.703750 0.195556 0.064167 0.056296

3 0.418283 0.116702 0.107450 0.090835

1 0.723119 0.713974 0.071134 0.447114

1 0.406594 0.759895 0.173844 0.542141

1 0.686823 0.690931 0.073759 0.416766

1 0.487707 0.751841 0.136414 0.535359

0 0.649167 0.269630 0.025000 0.035556

0 0.285961 0.239203 0.050579 0.269557

0 0.752813 0.348999 0.046148 0.215709

0 0.329662 0.292424 0.108440 0.242389

0 0.319201 0.235593 0.116598 0.282632

0 0.490747 0.246039 0.042121 0.107581

2 0.419919 0.347403 0.119222 0.324217