3 0.913524 0.190821 0.065769 0.117976

3 0.049730 0.260402 0.040459 0.093265

3 0.301778 0.538178 0.015003 0.022335

3 0.089916 0.425732 0.018373 0.048654

3 0.967176 0.653188 0.007380 0.032781

3 0.666941 0.620351 0.013048 0.040789

3 0.409370 0.345833 0.014755 0.089211

3 0.707393 0.357898 0.032903 0.076097

3 0.607552 0.451852 0.025521 0.057407

3 0.460614 0.132503 0.051149 0.115158

3 0.812024 0.624265 0.007087 0.039385

1 0.481828 0.717079 0.054569 0.407039

1 0.572917 0.794907 0.016667 0.093519

1 0.140104 0.769907 0.015625 0.182407

1 0.433101 0.727845 0.055842 0.413748

1 0.838358 0.793066 0.018896 0.092205

1 0.090326 0.766375 0.020351 0.207659

1 0.676704 0.782651 0.019131 0.136310

1 0.696424 0.756327 0.043383 0.274852

1 0.528461 0.771724 0.025726 0.189898

1 0.961365 0.797144 0.016481 0.092116

1 0.940011 0.697610 0.051098 0.290278

1 0.317969 0.762963 0.021354 0.205556

1 0.900644 0.736488 0.063612 0.379217

1 0.012214 0.746921 0.047007 0.337751

1 0.410224 0.752275 0.026834 0.275827

1 0.878757 0.790363 0.018998 0.123474

1 0.342532 0.766075 0.023210 0.223474

1 0.659029 0.780177 0.021449 0.136636

1 0.068073 0.748626 0.036274 0.326421

1 0.365694 0.774631 0.026666 0.198738

1 0.282797 0.781527 0.011486 0.122553

1 0.046354 0.788889 0.014583 0.111111

1 0.383136 0.758026 0.036760 0.287566

1 0.150634 0.786390 0.016437 0.137549

1 0.273106 0.783904 0.015043 0.129297

1 0.817753 0.784703 0.016372 0.129382

1 0.028816 0.780631 0.015016 0.131947

1 0.125521 0.776389 0.017708 0.186111

1 0.291927 0.781944 0.015104 0.152778

1 0.973235 0.797408 0.015291 0.091404

1 0.108107 0.760034 0.030334 0.242078

1 0.865104 0.789815 0.014583 0.107407

1 0.619472 0.755974 0.027988 0.227121

1 0.509313 0.770688 0.026796 0.170747

1 0.725282 0.752085 0.038787 0.264308

1 0.596551 0.754958 0.032896 0.248513

1 0.548967 0.763373 0.026472 0.192723

1 0.988407 0.798052 0.017841 0.086577

1 0.851714 0.792173 0.015208 0.105165

0 0.854462 0.484328 0.062038 0.425177

0 0.640280 0.560210 0.026028 0.116466

0 0.107888 0.493053 0.046011 0.301864

0 0.317184 0.582246 0.040968 0.217783

0 0.134154 0.563683 0.037048 0.231926

0 0.150385 0.604146 0.026163 0.172416

0 0.348180 0.526452 0.059076 0.273878

0 0.297279 0.612124 0.033343 0.170611

0 0.662726 0.532965 0.039822 0.233322

0 0.384274 0.404018 0.084021 0.376222

0 0.975991 0.468783 0.066856 0.370466

0 0.512500 0.621296 0.015625 0.129630

0 0.571970 0.587309 0.032671 0.174984

0 0.528593 0.406956 0.064835 0.354468

0 0.756120 0.571065 0.044719 0.297833

2 0.457621 0.327247 0.096730 0.240643

2 0.605953 0.558975 0.055296 0.135350

2 0.705810 0.491590 0.068632 0.171062

2 0.408868 0.458004 0.048068 0.147722

2 0.529202 0.623061 0.028167 0.056081

2 0.083178 0.502892 0.038875 0.113271

2 0.045807 0.421637 0.084181 0.195693

2 0.911205 0.372810 0.083438 0.222742