3 0.721604 0.545732 0.161470 0.221037

3 0.118171 0.600599 0.081154 0.099148

3 0.216745 0.587627 0.091291 0.115398

3 0.762249 0.047256 0.079065 0.094512

3 0.394350 0.570864 0.133431 0.182633

0 0.830651 0.797279 0.091016 0.265275

0 0.662027 0.859756 0.038976 0.088415

0 0.248987 0.767168 0.053740 0.190324

0 0.140891 0.718201 0.046147 0.095366

0 0.462904 0.746366 0.072434 0.158376

2 0.413591 0.749584 0.106455 0.199176

2 0.222931 0.692132 0.086637 0.087406

2 0.118511 0.728723 0.088743 0.171109

2 0.746708 0.766671 0.170273 0.279599