3 0.232535 0.325552 0.048911 0.080709

3 0.664265 0.121185 0.147763 0.240295

3 0.011667 0.015459 0.023333 0.030919

3 0.435333 0.033127 0.061333 0.066254

3 0.602725 0.186526 0.034980 0.055082

1 0.248974 0.533129 0.050225 0.054221

1 0.190973 0.552734 0.076180 0.108904

1 0.434786 0.261488 0.069637 0.045120

0 0.775738 0.514582 0.280275 0.418529

0 0.309266 0.448034 0.091580 0.168438

0 0.180287 0.465503 0.031528 0.147425

0 0.441303 0.495004 0.339366 0.394756

0 0.421095 0.177275 0.079081 0.134684

2 0.440497 0.137990 0.079246 0.136723

2 0.664925 0.374662 0.234827 0.270287

2 0.235000 0.426237 0.086000 0.113958

2 0.667267 0.441313 0.234449 0.386163