3 0.010625 0.336875 0.021250 0.088750

3 0.403311 0.414569 0.043089 0.065661

3 0.281157 0.328216 0.224287 0.219063

3 0.739696 0.184864 0.323448 0.318108

3 0.560950 0.370840 0.126607 0.124633

1 0.375884 0.815997 0.071365 0.199769

1 0.593444 0.905229 0.064568 0.189030

1 0.425000 0.816250 0.037500 0.195000

1 0.236051 0.875607 0.141000 0.260178

1 0.021250 0.862500 0.042500 0.200000

1 0.551439 0.890370 0.102294 0.201621

0 0.616036 0.522502 0.136845 0.177451

0 0.261900 0.569867 0.278788 0.298953

0 0.070625 0.541250 0.038750 0.262500

0 0.601000 0.557625 0.117000 0.087750

2 0.249665 0.524986 0.222584 0.278678

2 0.028125 0.460000 0.056250 0.142500