3 0.044129 0.215057 0.034275 0.051565

3 0.889799 0.622314 0.037908 0.044991

3 0.629657 0.235536 0.037440 0.037351

3 0.236483 0.570516 0.028275 0.041645

3 0.231010 0.250627 0.029469 0.049779

3 0.792773 0.196875 0.033984 0.042708

3 0.427383 0.210052 0.035859 0.051563

1 0.032992 0.383555 0.026453 0.120324

1 0.418859 0.384919 0.015636 0.123405

1 0.868661 0.795667 0.043469 0.153759

1 0.600417 0.389195 0.040613 0.123237

1 0.898373 0.803197 0.031982 0.162764

1 0.260175 0.396267 0.031977 0.100995

1 0.440115 0.387539 0.016328 0.119104

1 0.244861 0.719900 0.031629 0.091485

1 0.206836 0.397917 0.025391 0.100000

1 0.198910 0.750922 0.053256 0.123156

1 0.055360 0.390053 0.022490 0.128810

1 0.775766 0.373202 0.029119 0.162301

1 0.631390 0.399886 0.029189 0.117282

1 0.074348 0.836763 0.015222 0.065689

1 0.801808 0.367727 0.032641 0.156571

1 0.124223 0.838922 0.063638 0.103756

0 0.928529 0.255508 0.030496 0.095654

0 0.251250 0.663229 0.042344 0.071667

0 0.011860 0.279087 0.030196 0.095675

0 0.846839 0.710469 0.075601 0.118742

0 0.298442 0.320014 0.075898 0.108914

0 0.069727 0.265625 0.025391 0.062500

0 0.931055 0.711719 0.041797 0.136979

0 0.457438 0.304688 0.022973 0.123860

0 0.170223 0.313123 0.093910 0.127217

0 0.197656 0.617188 0.031250 0.066667

0 0.666891 0.333798 0.045244 0.145393

0 0.401175 0.302049 0.023163 0.119103

0 0.986997 0.339722 0.030841 0.099139

0 0.568003 0.293866 0.082786 0.094433

0 0.823867 0.255887 0.036052 0.074953

0 0.766033 0.259143 0.046624 0.082539