3 0.302364 0.297133 0.203192 0.114815

3 0.704701 0.270472 0.182534 0.103576

1 0.235697 0.842206 0.089647 0.111753

1 0.814600 0.686427 0.255047 0.256743

1 0.309035 0.755991 0.282705 0.360993

1 0.394553 0.677901 0.198712 0.224184

1 0.699512 0.684656 0.245641 0.309294

0 0.658201 0.447535 0.176365 0.244798

0 0.144752 0.498213 0.278758 0.307094

0 0.460091 0.483984 0.235496 0.276154

2 0.473205 0.173649 0.047694 0.034659

2 0.307284 0.450513 0.258209 0.203981

2 0.780445 0.445174 0.211949 0.246725