3 0.280529 0.214423 0.034096 0.072385

3 0.716406 0.237500 0.029687 0.038889

3 0.504297 0.122917 0.036719 0.101389

1 0.450282 0.729907 0.086501 0.463434

1 0.761555 0.686099 0.034166 0.344659

1 0.558831 0.731335 0.046116 0.453074

1 0.229297 0.684028 0.033594 0.348611

1 0.307422 0.684722 0.046094 0.347222

1 0.677047 0.684794 0.063103 0.350412

1 0.558295 0.725419 0.108769 0.470558

0 0.236268 0.292369 0.084035 0.061748

0 0.387109 0.300000 0.138281 0.052778

0 0.821799 0.301399 0.144514 0.079080

0 0.414020 0.289762 0.084819 0.043704

0 0.466560 0.216924 0.117293 0.109582

0 0.849486 0.283216 0.087771 0.045146

0 0.692736 0.306627 0.086246 0.063503

0 0.677850 0.217141 0.125502 0.061990

2 0.500159 0.310385 0.104566 0.273677

2 0.278952 0.354201 0.088150 0.222224

2 0.711516 0.364582 0.087713 0.223105