3 0.260258 0.171679 0.107982 0.229025

3 0.726128 0.081453 0.032465 0.042650

0 0.125169 0.283935 0.120156 0.262654

0 0.436112 0.644022 0.124409 0.221651

1 0.191400 0.650509 0.089401 0.379857

1 0.210544 0.708591 0.152720 0.498571

1 0.648395 0.443098 0.091184 0.331442

1 0.808655 0.672416 0.171535 0.559450

1 0.798684 0.600866 0.084884 0.407065

1 0.368587 0.775474 0.086978 0.325825

2 0.728277 0.184218 0.171029 0.249630

2 0.279429 0.371991 0.244987 0.530670

2 0.285177 0.370888 0.426429 0.513798