3 0.699230 0.356874 0.018755 0.021936

3 0.313823 0.399314 0.108391 0.088560

3 0.015885 0.421759 0.031771 0.036111

3 0.511139 0.537243 0.054379 0.088715

1 0.694792 0.488889 0.019792 0.111111

1 0.676742 0.505965 0.030044 0.071849

1 0.008854 0.680093 0.017708 0.171296

1 0.051130 0.672048 0.031251 0.171672

1 0.675599 0.507434 0.021010 0.067837

1 0.694504 0.520654 0.024612 0.058115

0 0.061308 0.541720 0.039163 0.183155

0 0.195563 0.715407 0.224375 0.378889

0 0.459301 0.587977 0.149004 0.178102