3 0.720417 0.173810 0.065833 0.061905

3 0.428333 0.088095 0.108333 0.096825

1 0.740946 0.741347 0.074872 0.492033

1 0.415959 0.772331 0.197489 0.557839

1 0.703706 0.717148 0.076149 0.457498

1 0.495978 0.754182 0.147635 0.534689

0 0.771622 0.342335 0.043672 0.235084

0 0.339031 0.276442 0.109814 0.257691

0 0.758330 0.340542 0.071684 0.240580

0 0.326967 0.219240 0.119101 0.306494

0 0.502504 0.230237 0.043936 0.118058

2 0.429458 0.340397 0.123088 0.356871

2 0.716562 0.245963 0.082273 0.051489