3 0.294581 0.103568 0.071143 0.121495

3 0.751254 0.105892 0.072089 0.103217

1 0.775924 0.730851 0.150199 0.491903

1 0.332205 0.729792 0.068819 0.463168

1 0.765625 0.744531 0.066667 0.442187

1 0.264784 0.723924 0.065433 0.458847

1 0.717188 0.696875 0.076042 0.412500

0 0.365749 0.432297 0.075079 0.447621

0 0.874044 0.360047 0.187887 0.375810

0 0.226625 0.428784 0.060752 0.424336

0 0.669404 0.361823 0.102641 0.361883

2 0.299287 0.304277 0.122870 0.258742

2 0.755796 0.259332 0.093709 0.152967

2 0.769512 0.321177 0.138118 0.303225