3 0.849943 0.267547 0.069368 0.106704

3 0.172651 0.269756 0.047342 0.092249

3 0.403704 0.273196 0.048148 0.089838

3 0.626852 0.265832 0.038889 0.086892

1 0.196296 0.752577 0.055556 0.394698

1 0.372222 0.754786 0.066667 0.387334

1 0.841425 0.760778 0.069053 0.389468

1 0.138759 0.751372 0.061470 0.385919

1 0.877778 0.750368 0.061111 0.369661

1 0.598705 0.744036 0.064892 0.405917

1 0.426357 0.752371 0.058809 0.377811

1 0.658796 0.750368 0.052778 0.393225

0 0.810648 0.465390 0.050926 0.285714

0 0.355131 0.459963 0.073234 0.286385

0 0.456106 0.452061 0.041970 0.251207

0 0.898299 0.514798 0.066154 0.157425

0 0.225146 0.452160 0.055279 0.274146

0 0.118572 0.463771 0.053786 0.279635

0 0.898136 0.514210 0.066685 0.158525

0 0.564250 0.457688 0.057759 0.282563

0 0.691045 0.454350 0.043462 0.272301