3 0.140962 0.359936 0.122955 0.145481

3 0.802424 0.336181 0.155786 0.192938

3 0.485921 0.261780 0.191220 0.260405

1 0.327077 0.728873 0.173473 0.386124

1 0.774207 0.711839 0.150954 0.257292

1 0.025645 0.659394 0.129804 0.282571

1 0.141006 0.675513 0.115634 0.223143

1 0.670641 0.691900 0.128750 0.319756

1 0.447508 0.735039 0.203857 0.342630

0 0.673134 0.456581 0.143444 0.270656

0 0.920737 0.423712 0.197266 0.204350

0 0.330225 0.405990 0.163536 0.312284

0 0.613226 0.373033 0.237447 0.261604

0 0.241971 0.429974 0.171746 0.184241

0 0.036621 0.423177 0.117676 0.156901

2 0.420665 0.461281 0.218517 0.339242

2 0.117320 0.499207 0.140487 0.231334

2 0.747514 0.492843 0.185569 0.266514