3 0.884766 0.115972 0.088281 0.209722

3 0.506922 0.119681 0.116922 0.207910

3 0.248303 0.303376 0.119935 0.200144

1 0.833463 0.597697 0.062352 0.113612

1 0.911626 0.775053 0.077324 0.457342

1 0.515152 0.836903 0.202521 0.276441

1 0.194656 0.665835 0.085323 0.291698

1 0.102344 0.616667 0.140781 0.286389

1 0.488959 0.735469 0.264593 0.577961

0 0.971654 0.379487 0.103327 0.243765

0 0.285838 0.550366 0.087837 0.363484

0 0.117262 0.388410 0.176230 0.249666

0 0.793437 0.315495 0.067770 0.156096

0 0.564131 0.407149 0.075322 0.245180

0 0.439305 0.395803 0.135955 0.333881