3 0.725413 0.087404 0.046634 0.066771

3 0.610901 0.286674 0.259829 0.459382

3 0.286563 0.321644 0.076669 0.113304

1 0.278738 0.659677 0.100061 0.297423

1 0.219639 0.648430 0.122288 0.275522

0 0.757163 0.190146 0.029094 0.134627

0 0.444540 0.778112 0.161194 0.499538

0 0.837024 0.854900 0.192989 0.371017

0 0.247440 0.460373 0.025548 0.142420

0 0.387878 0.430161 0.138782 0.105593

0 0.470812 0.127699 0.050016 0.165416

2 0.292886 0.456530 0.104643 0.209461

2 0.623558 0.737685 0.360160 0.572709