3 0.813145 0.230473 0.141448 0.167826

3 0.470973 0.387502 0.039703 0.068823

3 0.200043 0.272027 0.119025 0.141596

3 0.663885 0.318433 0.100845 0.120549

3 0.576125 0.387341 0.054125 0.075356

3 0.373804 0.335959 0.070351 0.091098

0 0.606554 0.486789 0.053500 0.105574

0 0.546801 0.479459 0.036861 0.086084

0 0.878230 0.510708 0.213005 0.379234

0 0.132029 0.497122 0.181541 0.308183

0 0.502463 0.475854 0.019140 0.073911

0 0.331881 0.487788 0.091261 0.194282

0 0.271542 0.492513 0.084585 0.256458

0 0.413563 0.458209 0.056132 0.127015

0 0.597126 0.500157 0.085747 0.134513

0 0.619780 0.532538 0.098625 0.167248

0 0.696986 0.511365 0.125543 0.249522

2 0.575945 0.473307 0.064421 0.105882

2 0.188910 0.441399 0.127403 0.198421

2 0.669188 0.447491 0.123000 0.183970

2 0.828238 0.447818 0.136566 0.262241

2 0.470744 0.480582 0.064243 0.110953

2 0.364116 0.449839 0.091185 0.137223